parity 999;
0 3 0 272,942,461,463;
1 3 1 897,191,871,781;
2 1 0 500,9;
3 2 1 154,579;
4 2 1 184,253,117;
5 3 0 771,273,551,144,541;
6 1 0 241,550,310,268;
7 3 1 300;
8 1 1 135,240,231,936;
9 2 1 624,198;
10 2 0 418,783;
11 1 0 286,985,989,228;
12 3 0 627,33,143,933;
13 2 1 374,518;
14 2 1 537,312;
15 2 1 764,278,208,72,283;
16 2 0 761,191,143;
17 3 0 835,683,452;
18 1 1 513,737,2,875;
19 1 1 762,794;
20 3 0 544,612,311;
21 1 0 855,244;
22 1 1 347,238;
23 1 1 439,72,757,341;
24 1 0 10,991,58,386;
25 1 1 438,628,74;
26 2 1 292,656,104;
27 1 0 805,288,246,397;
28 2 1 184,308,857;
29 3 1 446,434,579,998;
30 1 0 823;
31 2 1 123,759;
32 3 0 832,358,759;
33 2 1 412,719;
34 1 1 391,309,783;
35 1 1 881,120;
36 2 1 458,860,791,329,121;
37 2 0 140,779,579,986,227;
38 1 0 666,327;
39 3 0 823,898,22,884;
40 2 1 927,217,356,656;
41 3 0 627,447,225,945;
42 1 1 849,862,585,159;
43 2 0 722,803,428,611,574;
44 1 0 472;
45 2 0 405,258;
46 2 0 313,444,511;
47 3 0 413,960;
48 2 0 185,128,489,693;
49 2 0 246,53,481,902;
50 3 0 323,423,360,371;
51 2 0 210,491,76;
52 3 1 129;
53 1 0 182,15;
54 1 1 344,675,201,690,429;
55 3 1 22,531,903;
56 3 1 170,931,466,781,100;
57 2 0 56,201,348,937;
58 3 0 683;
59 2 0 992,116,145,292,209;
60 3 1 286,683,331,546,690;
61 3 0 991,46;
62 2 0 563,620;
63 1 0 178;
64 2 0 717,868;
65 2 0 212,475,852;
66 3 1 709;
67 2 1 911,475,377,243,130;
68 3 0 513,88,2;
69 2 1 197,125,862,678,573;
70 1 1 239,289,455;
71 1 1 393,734,312;
72 1 1 346;
73 1 1 490,517;
74 3 1 474,686;
75 2 1 302,765,341;
76 1 1 284,712,134,729;
77 2 0 224,904,280,580,436;
78 3 0 743;
79 3 1 39,650,683,508;
80 3 0 591,307,76;
81 3 1 424,803,27,570;
82 2 1 125,289;
83 3 0 364,60;
84 1 1 438,673,248,87;
85 1 1 833,533,997;
86 3 1 487,144;
87 2 1 913,55,360;
88 3 1 637,447,329,678,103;
89 3 0 353;
90 1 0 743,645,966,158;
91 3 0 778,2,948;
92 3 0 861,111,555,226,539;
93 3 1 870,525,403,943;
94 3 1 607,969,473,700;
95 3 0 285,673,777,543,851;
96 1 0 284,561,915;
97 3 1 18,101;
98 1 0 631,666,187;
99 2 1 716,420,707,316,245;
100 3 0 171,626,132;
101 3 0 79,225;
102 1 1 684,72,331;
103 3 1 788,214,278,905,938;
104 3 1 958,699;
105 3 0 191,809,641;
106 2 0 511;
107 2 1 537,320;
108 2 0 333,837,718,629,882;
109 1 1 763,352,130,148;
110 1 1 42;
111 3 0 204,192,784;
112 1 0 343;
113 3 0 93,963,966,65;
114 2 0 363,91;
115 3 0 123,354,349,75,574;
116 2 0 516,71,678;
117 1 1 185,912,413,950,720;
118 1 0 824,351,376,243;
119 2 1 198,221,905,315,746;
120 1 1 962,837,447;
121 2 1 172,941,195;
122 2 1 730,558;
123 3 0 218,375,335;
124 3 1 129,566;
125 3 1 483,258;
126 3 1 10,50,603,611;
127 2 0 91,499;
128 3 1 636,375,401,924;
129 3 0 823,468;
130 3 0 750;
131 3 1 859,301;
132 2 0 82,375,536,402;
133 3 1 666,461;
134 3 1 859,550;
135 2 0 240,141;
136 1 1 742,172,41,854;
137 2 1 993,933;
138 3 1 216,266,305,724;
139 1 0 808,195,112,209;
140 2 0 182,885;
141 3 0 271,941,774,150;
142 1 1 263,369;
143 2 1 637,660,799;
144 1 1 240,642;
145 1 1 347,441,518;
146 3 0 981;
147 3 1 69,307,273,684,297;
148 3 1 446,955,19,697;
149 2 1 753,167;
150 2 1 35;
151 1 1 816,60,644,162,965;
152 2 1 548,765,811,856;
153 3 0 927,215;
154 3 0 199,237,848;
155 3 0 949,597;
156 2 1 346,442,714,510;
157 1 1 344,380,37;
158 3 1 616,475,781,7,470;
159 1 0 75;
160 2 1 220,554,770;
161 1 1 731,53,983,279,394;
162 3 0 981,516,403;
163 2 0 355,995,976;
164 2 0 927,124,754,653;
165 3 0 515,161,783;
166 2 0 896,631,819,571;
167 3 1 608;
168 2 0 191,139,530,776,209;
169 1 0 909,877,143,633,783;
170 2 1 782,340,527;
171 1 1 731,54,249,166,148;
172 2 1 826,142,703,785,371;
173 3 1 568,591,46,503;
174 2 1 871,3,729;
175 1 0 885,86;
176 2 1 524,19;
177 3 1 398,523,881,291,316;
178 2 0 625,461,715,612;
179 2 1 846,66,556;
180 1 0 898,89,645,173,299;
181 2 0 939,803,359,634,379;
182 3 0 365,267;
183 1 1 17,619,264,509,938;
184 1 0 896,575,470,606;
185 1 0 896,185,61,483,997;
186 1 0 324,675,250,707;
187 3 1 81,456,372,325,71;
188 3 1 542,880;
189 3 0 294,792,2,589,799;
190 2 1 127,172,698;
191 2 0 570,250,195,478;
192 2 0 398,524,539,340;
193 3 1 418,406,73,37;
194 2 0 13,98,436;
195 1 1 897,51,754,30,350;
196 2 1 614,378,259;
197 3 1 898,693;
198 2 0 625,19;
199 1 0 221,765,997;
200 3 1 711,99,65,566;
201 3 1 818;
202 3 0 333,654,329;
203 1 1 681;
204 3 1 194,28,319,787;
205 1 0 737,825,743,250;
206 2 0 450,829,178,580;
207 1 1 437,342,834,609;
208 3 0 457;
209 3 1 498;
210 3 1 524,538,715,750;
211 3 1 88,525,281;
212 2 0 40,403,535;
213 3 1 338,592,280;
214 3 0 493,792;
215 2 1 771,856;
216 3 1 672,64,956,237;
217 2 1 229,668,509,750,429;
218 1 0 420,451,104,114;
219 3 1 607,677,589,612;
220 3 0 338,446,785;
221 1 1 294,408;
222 1 1 596,405,109,813,918;
223 2 0 21,765;
224 2 0 761,617,255;
225 1 0 904;
226 3 1 81,193,90,977,464;
227 1 1 466,406,600;
228 2 1 597,368,435,244,387;
229 1 1 420,226,936;
230 3 1 762,586,707;
231 3 1 26,531,301,105;
232 1 1 627,756,671;
233 2 0 833,313,977;
234 1 0 496,695,388;
235 3 1 551,282;
236 2 1 626,660,428,612;
237 3 1 501;
238 3 0 951,944;
239 3 1 2,105;
240 3 1 48;
241 1 1 143,966;
242 1 0 766,112;
243 2 0 422,264,924,435;
244 3 0 754,85,622;
245 3 0 534,985,335;
246 2 0 944,361,387,566;
247 1 1 646,843;
248 1 1 628;
249 1 0 818,786;
250 1 1 873,720;
251 1 1 219,193,336;
252 2 1 262,852,526;
253 3 1 447;
254 3 1 572;
255 3 0 837,880,757,989,526;
256 1 0 363,809,405,957,671;
257 1 0 951;
258 2 1 446,588,447,696,238;
259 1 1 63,712,787;
260 2 1 631,993,846,42,196;
261 3 0 398,826,892,891,699;
262 2 0 760,963,809,369,749;
263 1 0 83,881,678,68;
264 3 0 79,607,346,3;
265 3 1 176,162;
266 2 1 399,666,836,232;
267 2 1 54,414;
268 2 1 108,593;
269 2 0 492,5;
270 3 1 88,280,780,47;
271 3 0 887,100,78;
272 3 1 943,613;
273 3 0 168,790;
274 1 1 485,540;
275 1 1 7;
276 3 0 181,373,239,344;
277 3 1 753,353,476,590;
278 2 1 55,647;
279 1 0 10,866,201;
280 1 0 53,531;
281 2 0 287,974;
282 3 0 135,219,376;
283 2 1 458,692,121;
284 2 1 596,305,541,895;
285 3 1 82,568,988,842;
286 2 1 826;
287 2 1 34,368,544,349;
288 2 0 284,25,482,156;
289 2 0 113;
290 3 0 278,7;
291 2 0 198,759;
292 2 0 175;
293 1 0 691,900,718,560;
294 2 0 489,733,158;
295 1 1 920,438,381,821,322;
296 3 0 212,872,648;
297 3 0 561,376,410;
298 3 1 910;
299 3 1 824,837,803,393;
300 1 1 169,11,774;
301 2 1 775,292,435;
302 2 1 819;
303 3 1 298;
304 3 0 271,437;
305 1 0 203,692,234,431,430;
306 3 1 433,552,957;
307 3 0 457,438,743,793;
308 1 0 403,292;
309 1 1 268,340,341;
310 3 0 167;
311 1 0 399,294,41,322;
312 2 1 777,278,15,539;
313 3 1 952,525,798,149;
314 2 1 240,802,552,310;
315 3 1 733,339,270;
316 1 0 400,498,676,634,408;
317 3 0 182,278,534,175;
318 3 0 182,780;
319 2 1 484,758,122;
320 2 0 845,806,629,641;
321 2 0 31,878,955,571;
322 3 1 800,647,560;
323 3 0 520,712,734;
324 2 1 324,529,709,746;
325 3 0 19;
326 3 0 967,690;
327 3 1 679,928,905,610;
328 3 0 324,964,890,713;
329 2 1 701,275;
330 2 1 135,480,221,242,18;
331 1 0 323,568,72,551;
332 1 0 135;
333 1 1 190,199,581,658;
334 1 1 252;
335 1 1 219,334,985,146;
336 1 1 510;
337 3 0 761,240,647;
338 2 0 568,817,775,282,415;
339 2 1 624,106,622,397;
340 1 1 585,733,47;
341 3 1 861,645,395;
342 1 1 73;
343 2 1 53,575,626,555;
344 1 0 416,178,449,938;
345 3 1 875;
346 2 1 466,148;
347 1 0 10,222,924,462,311;
348 3 0 912,280;
349 3 0 88,221,652,537;
350 2 0 803,449;
351 3 1 529,326,452,944;
352 3 1 819,696,875,332;
353 1 1 709,972,101,319;
354 2 1 231,262,759,431,690;
355 1 0 873,352,265;
356 3 0 481,837,215,715,844;
357 2 1 52,530,750;
358 3 1 185,423,27,946;
359 3 1 50,802,996,937;
360 3 1 670;
361 2 1 426,574;
362 3 0 118,113;
363 2 1 782,714,356,623;
364 2 0 230,902,91,906,510;
365 1 1 529,577;
366 3 1 364,473;
367 1 0 507,125,943,311;
368 1 0 818,984;
369 2 0 261,755,783,908;
370 3 0 679,875,643;
371 2 1 921,974;
372 3 1 2,756,657;
373 3 1 683,904,370,471;
374 1 1 982,40,912,635;
375 1 0 56,959,379;
376 2 1 689;
377 1 1 31,635,648,671;
378 1 0 605;
379 2 0 898,268,787;
380 3 0 604,389;
381 3 1 70,986,590,189;
382 1 0 64,45,821;
383 3 1 961,860,762,140;
384 1 1 272,418,994,25,359;
385 3 0 682,690;
386 1 1 751,302,43,462,299;
387 3 0 177,234,397,786;
388 1 0 959,580,167,506,724;
389 3 1 563,193,144;
390 1 1 204,497,25,690;
391 1 0 327,887,576,228;
392 2 1 152,267,639,700;
393 1 1 876,564,693,462;
394 1 0 391,941,706,158,657;
395 3 0 406,654,48,6;
396 1 1 660,878,322;
397 1 0 934;
398 3 1 602,448,454,150;
399 1 1 24,886,353,379,68;
400 3 1 806;
401 3 0 221,408,237,369;
402 3 0 515,518,46,504;
403 3 0 444;
404 3 0 584,167,671;
405 1 0 563,424,579,473;
406 2 0 614,525,120,635;
407 1 1 366,308,757;
408 1 0 219,475,1,476,935;
409 1 0 873,643;
410 1 1 168,520,970,320;
411 1 0 503;
412 2 1 902,202,444,150;
413 1 1 3,786;
414 1 0 956,510,748;
415 2 0 792,577,678;
416 3 1 928,954,504,388;
417 3 0 760,591,550,250;
418 2 1 181,27;
419 2 0 22,902,654,187,238;
420 3 1 364,860,899,594;
421 3 0 22,687;
422 2 1 532,684,766,464,735;
423 3 1 782,829;
424 2 1 774;
425 3 0 991,336,699;
426 2 1 833,950,593,293;
427 1 0 64,534,655,506;
428 1 1 679,603,355,768;
429 1 1 456,420,781;
430 2 0 836,462,509;
431 1 0 219,459;
432 1 1 975,689,340;
433 3 1 44,16;
434 3 0 184,305,492;
435 3 0 576,264;
436 3 1 519,324,327;
437 3 0 548,958,16;
438 2 0 130,77;
439 1 1 737,604,987,697;
440 3 0 679,400,734;
441 3 0 679,409,555,317;
442 1 0 921,423,139,710,5;
443 3 0 929,599,193,574;
444 2 0 354;
445 1 0 763,143,92,696;
446 1 1 859,82,517,729;
447 3 0 116,223;
448 2 1 737,886,938;
449 3 1 486,353,194;
450 2 1 216;
451 1 0 496,15,917;
452 1 0 373,517,745;
453 1 0 559;
454 2 1 561,826,349;
455 3 1 229,855;
456 2 1 170,992,199,441,502;
457 1 0 633,151;
458 1 0 829;
459 1 0 483,157,769,362;
460 1 1 602;
461 2 0 403,461;
462 3 0 975;
463 1 0 865,933,45,354,557;
464 1 0 897,980,673,922,445;
465 3 1 712,775,270,16;
466 1 1 530,448,130,46,749;
467 1 0 508,328,409;
468 3 0 835,684,237,159,843;
469 1 1 213,191,537,856;
470 1 0 213,249,569,700;
471 3 1 682,242,904,405,633;
472 3 0 879;
473 3 1 403;
474 3 1 307,34,2,590,857;
475 1 1 123;
476 3 1 152,110,767,8;
477 2 1 496,427,534,5;
478 1 0 973;
479 2 0 567,39,342,554;
480 3 0 169,516,523,882,319;
481 3 0 890,829,916,664;
482 1 1 618,570,178;
483 3 0 95,355;
484 3 1 788,367,634,538,428;
485 1 0 433;
486 2 1 417,164;
487 1 0 725;
488 2 1 184,835,812,361;
489 3 0 763,56,443,348;
490 2 1 50,508,683;
491 3 0 780,149,535;
492 3 1 575,765,304,495;
493 3 1 686,292,908,431;
494 3 0 204,308,648,68;
495 3 0 862,368;
496 2 1 943,995;
497 2 0 475,163,309,916;
498 2 0 549,524;
499 2 0 629,736;
500 2 1 302,694,180;
501 2 0 201;
502 3 0 338,392,304;
503 2 0 62,865,727,574,471;
504 3 0 894;
505 3 1 271,71,908,430;
506 2 1 795;
507 3 1 548,354,688,724;
508 1 1 477,662,759,435;
509 2 1 401,595,104;
510 1 1 235,514;
511 2 0 885,109,905,298;
512 2 1 845,781,579,6;
513 1 0 493,85,938;
514 3 1 422;
515 1 0 507,38;
516 1 1 953,314,105;
517 2 1 4,132,268,369,690;
518 3 1 872,837;
519 2 0 849,912,221,863,589;
520 3 0 64,164,678;
521 3 1 805,446,721;
522 2 1 875,884,495;
523 2 1 210,290,629;
524 3 0 184,195;
525 3 0 665,273,693,937,16;
526 1 0 860,703;
527 3 0 580,573;
528 1 1 99,555,853;
529 3 1 652,556,378,948;
530 2 1 780,757,388;
531 2 1 297,960;
532 1 0 995,687,4;
533 1 1 991,818,134;
534 1 1 474,738;
535 3 0 833,711,58,318,643;
536 2 0 571;
537 2 0 719;
538 2 0 458,353,780,47;
539 1 0 730,262,973;
540 3 0 501,556;
541 3 0 399,674,467,697;
542 2 0 691,921,944;
543 3 1 10,377;
544 1 1 219,540;
545 3 0 839;
546 3 0 610,306,410;
547 1 1 970,119,479;
548 3 1 742,628,110,916;
549 1 1 125;
550 2 1 858,347,685;
551 3 0 638;
552 2 0 681,836,886,957;
553 2 0 865,895;
554 2 1 674;
555 2 0 123,895;
556 1 1 65;
557 1 1 840,90,703;
558 2 0 553,436;
559 2 0 592,92,534,396;
560 2 1 247;
561 2 0 881;
562 1 1 260,377,622,785;
563 3 0 315,469;
564 1 1 768,641;
565 1 1 523,594,120;
566 2 0 811,178,492,572;
567 2 0 553,783,335,470;
568 2 0 741,277,905,605,895;
569 3 0 812,322;
570 1 0 980,745;
571 2 0 946,385,473;
572 3 1 424,542,97,4,600;
573 1 0 774,851;
574 2 1 82,68;
575 2 1 632,997,66,175;
576 3 0 53,388;
577 1 1 94,248,675,518,357;
578 2 0 805,850,173,736;
579 2 0 176,83,375;
580 3 1 232,309,444;
581 1 0 498,483,251;
582 2 1 438,654,828;
583 3 0 52,117,449,916;
584 1 0 520,489,257,601,312;
585 2 0 117,7;
586 3 0 567,575,193;
587 3 1 85;
588 3 1 24,346,577,356;
589 1 0 365,773,914,384,371;
590 2 0 54;
591 1 1 939,184,375,98;
592 1 0 673,277,0,62;
593 3 1 261,972;
594 1 1 72,499,341;
595 2 1 458,264,989,180;
596 1 1 815,860,644,677;
597 3 1 232,551;
598 1 1 858,192;
599 2 0 585,940,33;
600 1 0 97,956;
601 1 1 596,718,451,786;
602 2 1 912,309,998;
603 2 0 536,326,146,454,320;
604 3 1 308,594;
605 1 0 52;
606 2 0 60,948;
607 1 0 413;
608 2 1 565,851,611,566,664;
609 2 0 608,881,758,582;
610 1 0 971;
611 1 1 788,329,244;
612 1 1 1,685,484,269;
613 2 1 892,435;
614 2 0 909,95,821,102;
615 1 0 314;
616 1 0 602,84;
617 1 0 337,516,706,175;
618 2 1 955,299;
619 3 0 230,35,427;
620 2 1 304,946,798,540;
621 3 1 533,265,350;
622 2 0 197,752,3,86,556;
623 1 1 788,83,872;
624 2 0 402,907;
625 2 0 691,930,794,70,194;
626 3 1 662,552,120;
627 1 0 224,58;
628 3 1 451,59;
629 3 0 183,904;
630 3 1 382,280,315,4,371;
631 1 1 69,32,559;
632 2 0 661,216;
633 1 0 835,346,797,484;
634 3 0 409,148,978;
635 1 1 208;
636 3 0 160,183,405,97;
637 1 0 608,579;
638 1 1 271,898,346,740;
639 2 0 465,523,201,462;
640 1 1 126,866;
641 3 0 52,393,75,678;
642 1 1 363;
643 1 0 886,280,317;
644 2 1 454;
645 1 1 44;
646 2 1 115,431;
647 2 1 717,187,442,389;
648 2 1 52,641;
649 3 1 446,68;
650 3 1 674,899,915,695;
651 2 0 512,546;
652 1 1 684,775,356;
653 2 1 140,517;
654 1 1 508;
655 1 0 816;
656 1 1 930,307,956,545,104;
657 1 1 981,333,539;
658 3 0 931,360,19,734,74;
659 3 1 596,672,254,149;
660 3 1 815,856;
661 3 1 231,775,332;
662 1 1 421,886;
663 3 1 507,198,820,946;
664 3 0 414;
665 1 1 197,705,709,935;
666 1 1 858,219,923,509;
667 2 1 110,484,495;
668 1 1 910;
669 3 1 343,958,228;
670 1 0 563,435,66,318,269;
671 2 0 177;
672 1 0 116,467,694,368,468;
673 3 1 106,718,132,556,238;
674 2 0 443,429;
675 3 0 248,35,933,581;
676 2 0 432,92,697,122;
677 2 0 789,802,685,729;
678 3 0 584,633,552,274;
679 2 0 277,987;
680 1 0 617,972,396,77;
681 2 0 551,319;
682 1 0 615,24,192,104;
683 2 0 287,138;
684 1 1 927,450;
685 2 1 896,166,252;
686 3 1 909,801;
687 1 0 271,89,706,944;
688 2 1 124,482;
689 2 1 17,142,500,48;
690 2 1 457,307,149;
691 1 0 680,762,404,87;
692 1 0 805,267;
693 3 1 88,220,651,660,472;
694 3 1 89,305,748,770;
695 3 0 762,185,66;
696 2 1 710,127;
697 3 1 887,258;
698 2 0 143,530,42,579,58;
699 1 1 246,249,539,114;
700 2 1 679,370,948;
701 3 0 554;
702 2 0 717,904,402,869,341;
703 2 0 523,569,298,157,735;
704 3 0 220,206,964;
705 2 1 183,525,958,357;
706 3 1 211,993,446;
707 3 0 417,828,110,895;
708 1 1 653,234;
709 1 1 443;
710 1 1 38,506;
711 3 0 877,599;
712 2 1 816,446,571,159;
713 3 0 992,996,155;
714 1 1 401,251,814;
715 1 0 718,739,48;
716 1 1 798;
717 3 0 681,629,349;
718 3 0 788,482,941,842;
719 1 0 529,428;
720 1 1 823,482,316;
721 1 1 567,584,291;
722 3 0 789,693;
723 1 0 136,152,119,76;
724 1 1 771,51,360;
725 1 0 474,551,414;
726 2 0 548,722,838,874;
727 2 0 466;
728 3 1 347,117;
729 1 1 672,809,75,759,786;
730 2 0 212,709;
731 3 0 521,467,426,315;
732 2 1 543;
733 1 1 324,50,784;
734 3 0 807;
735 1 0 404,461,865,957;
736 2 1 307,265,318;
737 1 0 708,654,570,782;
738 1 1 135,911,743,943,473;
739 3 0 976,300;
740 2 1 168,190,52,790,119;
741 3 0 219,365,810,534,298;
742 1 0 161,840,589,478;
743 2 0 624,962,892,321;
744 2 0 968;
745 3 0 288,420;
746 1 1 33,90;
747 1 1 588,819,724;
748 2 1 597,651;
749 3 0 88,706;
750 1 0 835,419,695,590;
751 3 0 705,401,193,196;
752 3 0 70;
753 1 0 454;
754 3 1 882;
755 2 1 91,188,477;
756 3 0 153,53,911,179;
757 1 0 846,162,954,274;
758 1 0 833,901,491,782,28;
759 1 1 271,208;
760 1 0 171,881;
761 3 1 456;
762 2 1 60,584,62;
763 1 0 138,794,186,605;
764 3 0 88,217;
765 3 0 225,299,907,678;
766 1 0 891,173;
767 3 1 416,565,65,122;
768 2 0 953,564;
769 3 1 711,974,268;
770 2 1 709,822,175;
771 3 0 487,822,720;
772 2 1 10,955,547,721;
773 3 0 191,34,734,954;
774 3 0 482,985;
775 1 1 576,973,189;
776 3 0 834,949,83,549,553;
777 2 0 308,119,613,312;
778 2 1 490;
779 1 1 239,213,451,655;
780 2 1 305;
781 2 1 909,671;
782 1 1 467,492,546,657;
783 2 0 898,779,745;
784 3 0 552;
785 3 0 631,513,273,369;
786 3 0 213,643,112,495;
787 3 0 485,22,48;
788 1 0 398,61,545;
789 2 0 941,297,113,258;
790 3 0 51,802,711,621,595;
791 2 0 932,36,956;
792 1 0 952;
793 3 0 460,685,821;
794 3 0 701,671,560,960;
795 3 0 25,43,580;
796 1 1 278,942,428,74,740;
797 3 1 614,543,645;
798 3 1 668,498,118,74;
799 2 0 136,301,473,658;
800 2 1 426;
801 3 0 615,197,513,839,328;
802 3 0 443;
803 2 1 705,330;
804 3 1 204,480;
805 3 0 971,635;
806 2 0 531,854;
807 3 0 35,854,869,856;
808 1 0 961;
809 3 1 618,451,477,604;
810 1 0 806,282;
811 2 1 106,536,421,461;
812 1 1 106,54,98;
813 1 1 862,345,505;
814 1 1 182,167;
815 2 1 432,688,470;
816 1 1 11,826,130;
817 1 1 880,314,97,147;
818 3 1 486,21,648;
819 2 1 207,186,45,462,937;
820 3 0 124,525,662,769;
821 3 1 933,379,238;
822 2 1 459,911,196,479;
823 2 0 815,983;
824 2 1 42,189;
825 1 0 558,702;
826 3 0 777,718,709,275;
827 2 1 347;
828 1 1 222,677,610,957,501;
829 3 1 472;
830 2 0 307,43,727,283,688;
831 1 0 711,297,455;
832 2 0 722,818,775,228;
833 3 0 778,174;
834 2 0 241,943,944,853;
835 1 0 727,642;
836 1 0 760,306;
837 2 1 93,333,942,411;
838 2 0 927,731,365,613;
839 1 1 962,360,267,613;
840 3 0 373,765,947,78;
841 3 1 870,377;
842 2 0 197,731,133;
843 3 0 826,392;
844 3 0 504;
845 1 1 602,3,600;
846 2 1 561,221,611;
847 1 1 13,117,505;
848 2 0 256,77;
849 3 0 333,194;
850 1 1 457,221,934,997;
851 3 1 882,145,469;
852 3 1 927,379,270;
853 3 1 416,272,236,251,86;
854 3 1 345,619,935;
855 2 1 585,406,428;
856 2 1 812,695,906,511;
857 1 0 508,655,297;
858 3 0 402,813,714,175;
859 2 1 480,876,125,245;
860 3 1 825;
861 3 1 31,835,230,901;
862 1 0 323,515,251;
863 2 0 476,957,946,244;
864 3 1 6,209;
865 2 0 628,461,957;
866 3 1 80,663;
867 1 0 268,504;
868 2 0 185;
869 3 1 465,61,407,884;
870 3 0 725,497,278;
871 2 1 242,882,55;
872 3 0 350;
873 1 1 701;
874 2 0 922,266,350;
875 1 1 351;
876 3 1 422,523,863,852,156;
877 3 0 363,271,984,934,566;
878 1 0 765,627,151;
879 1 1 816,902,280,48;
880 2 1 200,56,146,739;
881 3 1 135,416,347,245;
882 1 1 920,617,243,388;
883 2 1 217,842;
884 1 1 306,539;
885 3 1 224,320;
886 2 1 421,166;
887 3 1 490,544,954;
888 1 0 980,806,609,611,729;
889 2 1 704,709,100,132;
890 2 1 294,583,498;
891 1 0 730;
892 1 0 597;
893 1 1 215,781,946;
894 1 0 834,761,555;
895 1 1 746,657,749;
896 2 0 800;
897 2 0 825,138;
898 2 1 423,330;
899 3 0 676,848;
900 3 0 928,257,173;
901 2 0 952,323,534,156;
902 3 0 916,509;
903 3 0 916;
904 1 1 168,114;
905 1 0 148;
906 3 0 26,703;
907 3 1 828,90,999;
908 3 1 254,544,86;
909 3 0 772,747;
910 1 1 838;
911 3 0 33,619;
912 2 0 832,396,151;
913 2 1 564,117,694,540;
914 1 1 140,869,703,238;
915 1 1 187;
916 3 0 31,238;
917 3 0 416;
918 3 1 568,128;
919 3 0 825,213,869,728,370;
920 1 1 538,848;
921 2 0 800,682,627,489;
922 3 1 568,929;
923 3 1 124,737;
924 3 1 485,163,257,292,148;
925 2 1 996;
926 3 0 940,914,111,891;
927 1 0 193,352,610,783,856;
928 2 1 549,715;
929 3 1 288,783;
930 1 0 985,159,600;
931 2 0 981,230,935,251,770;
932 3 1 446,572,848;
933 3 1 450,194,4,492;
934 1 1 87,856;
935 1 0 239,524,64,630,526;
936 3 1 559,782;
937 2 0 558,545;
938 2 1 668,856;
939 1 1 338,26,916,455,511;
940 2 1 368;
941 1 1 939,287,636,844,312;
942 3 1 329,696,449,167,7;
943 1 0 654,469,919;
944 1 0 993,698;
945 2 1 812,174,787;
946 3 1 816,871,232,282,719;
947 3 0 666,694;
948 2 1 51,515,770;
949 1 0 249;
950 1 0 232,972,572;
951 3 0 223,377;
952 2 1 575;
953 1 1 967;
954 3 1 949,725,98,330,975;
955 1 1 126,460;
956 3 0 286,173;
957 1 0 815,925;
958 3 1 528,202,454;
959 3 0 870,286,779;
960 3 0 402,904,263,236;
961 3 1 619,120,445;
962 3 1 298,244;
963 3 1 698;
964 2 0 19,688,641,612;
965 3 0 508,97,267,748;
966 2 0 930,162,906,697;
967 3 1 992,975,690;
968 2 0 939,403,907;
969 2 0 618,611;
970 3 0 646,147,174,320,919;
971 2 1 624,934,472;
972 2 1 253,577,600,113,857;
973 3 1 722,369;
974 3 1 673,762,826,192;
975 1 1 621;
976 2 0 683,280,335,430;
977 3 1 303,141,866,394;
978 2 0 933;
979 1 1 900,395,908,259;
980 2 1 363,957;
981 2 1 85,923,304,594,989;
982 2 1 875,643;
983 1 1 212,697;
984 3 0 467,814;
985 2 1 190,926,101;
986 3 0 779,448;
987 3 1 140,65;
988 2 1 221,172,990;
989 2 0 108,119,58,906;
990 2 0 835,392,609,726,960;
991 3 0 548,349;
992 1 0 418,903,605,724;
993 3 0 398,636,70,326;
994 3 1 850,765;
995 2 1 876,802,48;
996 3 0 432,41,354,671;
997 3 1 983,987;
998 1 0 761,407;
999 2 0 616,553;
