// Taken from LCNS 2500 figure 7.1 with numbers not "inversed" and therefore the inverse game,
// because PariSolve plays max-parity-games and 7.1 is a min-parity-game.
// 
// Positioning of nodes:
//       1   4   7
//      0 2 3 5 6 8 9
// 1x    0 1 2 3 4 5 6
// 2x   0 2 3 5 6 8 9
//       1   4   7
// 3x   0 2 3 5 6 8 9
//       1   4   7

parity H43;
0 2 1 1,2 "0";
1 1 0 2 "1";
2 2 0 0,3,11 "2";
3 2 1 2,4,5 "3";
4 1 0 5 "4";
5 2 0 3,6,13 "5";
6 2 1 5,7,8 "6";
7 1 0 8 "7";
8 2 0 6,9,15 "8";
9 2 1 8 "9";

10 8 0 11 "10";
11 7 1 10,12,2,22,32 "11";
12 8 0 11,13 "12";
13 7 1 12,14,5,25,35 "13";
14 8 0 13,15 "14";
15 7 1 14,16,8,28,38 "15";
16 8 0 15 "16";

20 4 1 21,22 "20";
21 3 0 22 "21";
22 4 0 20,23,11 "22";
23 4 1 22,24,25 "23";
24 3 0 25 "24";
25 4 0 23,26,13 "25";
26 4 1 25,27,28 "26";
27 3 0 28 "27";
28 4 0 26,29,15 "28";
29 4 1 28 "29";

30 6 1 31,32 "30";
31 5 0 32 "31";
32 6 0 30,33,11 "32";
33 6 1 32,34,35 "33";
34 5 0 35 "34";
35 6 0 33,36,13 "35";
36 6 1 35,37,38 "36";
37 5 0 38 "37";
38 6 0 36,39,15 "38";
39 6 1 38 "39";
